0   1   0   0
0   2   1   1
0   2   2   2
0   3   3   3
0   5   4   4
0   5   5   5
0   5   6   6
0   5   7   7
0   5   8   8
0   5   9   9
1   4   1   1
1   4   2   2
1   4   3   3
1   4   4   4
1   4   5   5
1   4   6   6
1   4   7   7
1   4   8   8
1   4   9   9
2   5   0   0
2   5   1   1
2   5   2   2
2   5   3   3
2   5   4   4
2   5   5   5
2   5   6   6
2   5   7   7
2   5   8   8
2   5   9   9
3   5   0   0
3   5   1   1
2   6   /   /
3   6   /   /
4   6   /   /
5   6   /   /


6   7   JAN JAN
6   7   FEB FEV
6   7   MAR MAR
6   7   APR ABR
6   7   MAY MAI
6   7   JUN JUN
6   7   JUL JUL
6   7   AUG AGO
6   7   SEP SET
6   7   OCT OUT
6   7   NOV NOV
6   7   DEC DEZ
7   8   /   /

8   9    2   2
9   10   0   0
10  11   0   0
10  11   1   1
10  11   2   2
10  11   3   3
10  11   4   4
10  11   5   5
10  11   6   6
10  11   7   7
10  11   8   8
10  11   9   9
11  12   1   1
11  12   2   2
11  12   3   3
11  12   4   4
11  12   5   5
11  12   6   6
11  12   7   7
11  12   8   8
11  12   9   9
12