#leitura do dia
0   1   0   0
0   2   1   1
0   2   2   2
0   3   3   3
1   4   1   1
1   4   2   2
1   4   3   3
1   4   4   4
1   4   5   5
1   4   6   6
1   4   7   7
1   4   8   8
1   4   9   9
2   4   0   0
2   4   1   1
2   4   2   2
2   4   3   3
2   4   4   4
2   4   5   5
2   4   6   6
2   4   7   7
2   4   8   8
2   4   9   9
3   4   0   0
3   4   1   1
4   5   /   /
0   5   1/  01/
0   5   2/  02/
0   5   3/  03/
0   5   4/  04/
0   5   5/  05/
0   5   6/  06/
0   5   7/  07/
0   5   8/  08/
0   5   9/  09/

#leitura do mes
5   6   JAN 01/
5   6   FEV 02/
5   6   MAR 03/
5   6   ABR 04/
5   6   MAI 05/
5   6   JUN 06/
5   6   JUL 07/
5   6   AGU 08/
5   6   SET 09/
5   6   OUT 10/
5   6   NOV 11/
5   6   DEX 12/

#leitura do ano
6   7   20  20
7   8   0   0
7   8   1   1
7   8   2   2
7   8   3   3
7   8   4   4
7   8   5   5
7   8   6   6
7   8   7   7
7   8   8   8
7   8   9   9
8   9   1   1
8   9   2   2
8   9   3   3
8   9   4   4
8   9   5   5
8   9   6   6
8   9   7   7
8   9   8   8
8   9   9   9
9