0   1   0   0
0   2   1   1
0   2   2   2
0   2   3   3
0   2   4   4
0   2   5   5
0   2   6   6
0   2   7   7
0   2   8   8
0   2   9   9
1   3   1   1
1   3   2   2
1   3   3   3
1   3   4   4
1   3   5   5
1   3   6   6
1   3   7   7
1   3   8   8
1   3   9   9
2   3   0   0
2   3   1   1
2   3   2   2
2   3   3   3
2   3   4   4
2   3   5   5
2   3   6   6
2   3   7   7
2   3   8   8
2   3   9   9
3   4   /   /

4   5   JAN JAN
4   5   FEV FEB
4   5   MAR MAR
4   5   ABR APR
4   5   MAI MAY
4   5   JUN JUN
4   5   JUL JUL
4   5   AGO AUG
4   5   SET SEP
4   5   OUT OCT
4   5   NOV NOV
4   5   DEZ DEC
5   6   /   /

6   7   2   2
7   8   0   0
8   9   0   0
8   9   1   1
8   9   2   2
8   9   3   3
8   9   4   4
8   9   5   5
8   9   6   6
8   9   7   7
8   9   8   8
8   9   9   9
9   10  1   1
9   10  2   2
9   10  3   3
9   10  4   4
9   10  5   5
9   10  6   6
9   10  7   7
9   10  8   8
9   10  9   9
10